0
0.9

1.0
0.8
0.67
0.54
0.44
0.36
0.3
0.25
0.22
0.19
0.17
0.15
0.12
0.1
0.08
0.07
0.06
0.05
0.04
0.03
0.03
0.02
0.02
0.01


//300nm 500nm 1000nm h=0.00025/2 n=47 alpha = 0.0861
1.000000
0.900000
0.800000
0.735000
0.670000
0.605000
0.540000
0.490000
0.440000
0.400000
0.360000
0.330000
0.300000
0.275000
0.250000
0.235000
0.220000
0.205000
0.190000
0.180000
0.170000
0.160000
0.150000
0.135000
0.120000
0.110000
0.100000
0.090000
0.080000
0.075000
0.070000
0.065000
0.060000
0.055000
0.050000
0.045000
0.040000
0.035000
0.030000
0.030000
0.030000
0.025000
0.020000
0.020000
0.020000
0.015000
0.010000
0.010000


//300nm 500nm 1000nm h=0.00025 n=25 alpha = 0.016
1.0
0.8
0.67
0.54
0.44
0.36
0.3
0.25
0.22
0.19
0.17
0.15
0.12
0.1
0.08
0.07
0.06
0.05
0.04
0.03
0.03
0.02
0.02
0.01


//600nm n= 15 h = 0.0005 
1.0
0.75
0.56
0.42
0.31
0.23
0.18
0.12
0.09
0.07
0.05
0.02
0.02
0.01
0.01


//300nm & 600nm h = n = 47 h =0.00015 
1.000000 
0.879462 
0.774889 
0.684012 
0.604898 
0.535901 
0.475618 
0.422851 
0.376577 
0.335923 
0.300139 
0.268584 
0.240706 
0.216032 
0.194156 
0.174724 
0.157435 
0.142027 
0.128271 
0.115973 
0.104959 
0.095083 
0.086213 
0.078237 
0.071054 
0.064579 
0.058735 
0.053454 
0.048677 
0.044352 
0.040432 
0.036877 
0.033649 
0.030716 
0.028050 
0.025625 
0.023417 
0.021406 
0.019573 
0.017901 
0.016377 
0.014985 
0.013715 
0.012554 
0.011494 
0.010525 
0.009639 




//300 nm n = 47 h =0.00015 
1.000000 
0.841558 
0.708220 
0.596009 
0.501576 
0.422105 
0.355226 
0.298944 
0.251579 
0.211718 
0.178173 
0.149943 
0.126186 
0.106193 
0.089367 
0.075208 
0.063292 
0.053264 
0.044825 
0.037722 
0.031746 
0.026716 
0.022483 
0.018921 
0.015923 
0.013400 
0.011277 
0.009490 
0.007987 
0.006721 
0.005656 
0.004760 
0.004006 
0.003371 
0.002837 
0.002388 
0.002009 
0.001691 
0.001423 
0.001198 
0.001008 
0.000848 
0.000714 
0.000601 
0.000505 
0.000425 
0.000358 













//600 nm n = 47 h =0.00015 
1.000000 
0.917365 
0.841558 
0.772016 
0.708220 
0.649696 
0.596009 
0.546757 
0.501576 
0.460128 
0.422105 
0.387225 
0.355226 
0.325872 
0.298944 
0.274240 
0.251579 
0.230789 
0.211718 
0.194223 
0.178173 
0.163450 
0.149943 
0.137552 
0.126186 
0.115758 
0.106193 
0.097417 
0.089367 
0.081982 
0.075208 
0.068993 
0.063292 
0.058062 
0.053264 
0.048862 
0.044825 
0.041120 
0.037722 
0.034605 
0.031746 
0.029122 
0.026716 
0.024508 
0.022483 
0.020625 
0.018921 



1.0
0.75
0.56
0.42
0.31
0.23
0.18
0.12
0.09
0.07
0.05
0.02
0.02
0.01
0.01


1.000000 
0.750137 
0.562705 
0.422105 
0.316637 
0.237521 
0.178173 
0.133654 
0.100259 
0.075208 
0.056416 
0.042320 
0.031746 
0.023814 
0.017863 
0.013400 
0.010052 
0.007540 


1.0
0.8
0.67
0.54
0.44
0.36
0.3
0.25
0.22
0.19
0.17
0.15
0.12
0.1
0.08
0.07
0.06
0.05
0.04
0.03
0.03
0.02
0.02
0.01

















1.0
0.75
0.56
0.42
0.31
0.23
0.18
0.12
0.09
0.07
0.05
0.02
0.02
0.01
0.01

0.99987
0.82851 
0.69220 
0.58262 
0.49361 
0.42063 
0.36029 
0.31001 
0.26782 
0.23222 
0.20200 
0.17623 
0.15415 
0.13515 
0.11875 
0.10455 
0.09220 
0.08145 
0.07205 
0.06382 
0.05660 
0.05025 
0.04465 
0.03972 
0.03536 
0.03150 
0.02808 
0.02504 
0.02235 


1.000000 
0.869358 
0.755784 
0.657047 
0.571209 
0.496585 
0.431711 
0.375311 
0.326280 
0.283654 
0.246597 
0.214381 
0.186374 
0.162026 
0.140858 
0.122456 
0.106459 
0.092551 
0.080460 
0.069948 
0.060810 
0.052866 
0.045959 
0.039955 
0.034735 
0.030197 
0.026252 
0.022823 
0.019841 
0.017249 
0.014996 
0.013037 
0.011333 
0.009853 
0.008566 
0.007447 

1.000000 
0.921391 
0.849184 
0.782845 
0.721887 
0.665863 
0.614362 
0.567011 
0.523466 
0.483412 
0.446562 
0.412651 
0.381439 
0.352703 
0.326240 
0.301866 
0.279408 
0.258712 
0.239633 
0.222041 
0.205815 
0.190845 
0.177030 
0.164276 
0.152499 
0.141620 
0.131568 
0.122278 
0.113687 
0.105742 
0.098390 
0.091587 
0.085287 
0.079453 
0.074047 
0.069036 
0.064391 
0.060082 
0.056084 
0.052372 
0.048926 
0.045725 
0.042749 
0.039984 
0.037411 
0.035018 
0.032790 
0.030716 
0.028783 
0.026983 
0.025304 
0.023739 
0.022278 
0.020915 
0.019641 
0.018452 
0.017341 
0.016302 
0.015331 
0.014421 
0.013571 
0.012774 
0.012028 
0.011329 
0.010673 
0.010059 
0.009482 
0.008941 
0.008433 
0.007957 













1.0
0.75
0.56
0.42
0.31
0.23
0.18
0.12
0.09
0.07
0.05
0.02
0.02
0.01
0.01
0.0
0.0
0.0
0.0
0.0
0.0

  0.99987
  0.82851 
  0.69220 
  0.58262 
  0.49361 
  0.42063 
  0.36029 
  0.31001 
  0.26782 
  0.23222 
  0.20200 
  0.17623 
  0.15415 
  0.13515 
  0.11875 
  0.10455 
  0.09220 
  0.08145 
  0.07205 
  0.06382 
  0.05660 
  0.05025 
  0.04465 
  0.03972 
  0.03536 
  0.03150 
  0.02808 
  0.02504 
  0.02235 

1.0
0.75
0.56
0.42
0.31
0.23
0.18
0.12
0.09
0.07
0.05
0.02
0.02
0.01
0.01
0.0
0.0
0.0
0.0
0.0
0.0












0.99987
0.69220 
0.49361 
0.36029 
0.26782 
0.20200 
0.15415 
0.11875 
0.09220 
0.07205 
0.05660 
0.04465 
0.03536 
0.02808 
0.02235 
0.02
0.01
0.01
0.01
0
0

1.0
0.64
0.43
0.29
0.2
0.15
0.11
0.09
0.06
0.05
0.03
0.02
0.01
0.01
0
0
0
0
0
0
0


1.0
0.75
0.56
0.42
0.31
0.23
0.18
0.12
0.09
0.07
0.05
0.02
0.02
0.01
0.01
0.0
0.0
0.0
0.0
0.0
0.0
3.87 3.11467 2.63123 2.30071 2.06278 1.88448 1.74659 1.63729 1.54889 1.47623 1.4157 1.36471 1.32136 1.2842 1.25213 1.22429 1.20001 1.17872 1.15999 1.14345 1.12881 





3.88 3.4566 3.12376 2.85701 2.6395 2.45939 2.30823 2.17983 2.06961 1.97411 1.89069 1.81727 1.75224 1.69431 1.64242 1.59574 1.55355 1.51529 1.48047 1.44867 1.41956 

